%	HbO2	HbR	Water	Fat	MetHb	COHb	Plasma	cytox	cytredox
600	0.90261	3.4843	0.0002224	0.000466	3.0689	1.073	0.001647	0.023144	0.042746
601	0.81558	3.2462	0.00023359	0.000471	3.0684	1.0012	0.001647	0.02299	0.044737
602	0.72854	3.0081	0.00024314	0.000479	3.068	0.92932	0.001647	0.022792	0.046354
603	0.66545	2.8087	0.00025013	0.000487	3.0666	0.87038	0.001647	0.022484	0.047542
604	0.60236	2.6093	0.00025463	0.000487	3.0652	0.81143	0.001647	0.022077	0.047971
605	0.55538	2.4472	0.0002577	0.000484	3.0716	0.76308	0.001647	0.021571	0.04763
606	0.50841	2.2851	0.00026023	0.00048	3.0781	0.71472	0.001647	0.020988	0.046453
607	0.47157	2.1571	0.0002622	0.000475	3.0841	0.6742	0.001647	0.020339	0.044473
608	0.43473	2.029	0.00026338	0.00047	3.0901	0.63367	0.001647	0.01969	0.042064
609	0.41907	1.9047	0.00026393	0.000469	3.1048	0.60005	0.001647	0.019008	0.039083
610	0.40341	1.7804	0.0002644	0.000464	3.1195	0.56644	0.001647	0.01826	0.035816
611	0.38039	1.7085	0.00026519	0.000458	3.1334	0.53742	0.001647	0.017534	0.032439
612	0.35736	1.6367	0.00026611	0.000454	3.1472	0.50841	0.001647	0.016874	0.029623
613	0.33848	1.5768	0.0002668	0.000442	3.173	0.484	0.001647	0.016159	0.026378
614	0.3196	1.5169	0.00026725	0.000427	3.1988	0.4596	0.001647	0.015499	0.023507
615	0.30486	1.4672	0.0002678	0.000422	3.225	0.43795	0.001647	0.014883	0.020944
616	0.29013	1.4175	0.00026871	0.000423	3.2513	0.41631	0.001647	0.0143	0.018689
617	0.27769	1.3769	0.00026996	0.00043	3.2867	0.39743	0.001647	0.013706	0.016588
618	0.26526	1.3364	0.0002715	0.000437	3.3222	0.37854	0.001647	0.013233	0.01485
619	0.25467	1.3005	0.00027331	0.000435	3.3595	0.3569	0.001647	0.012749	0.013244
620	0.24407	1.2646	0.0002755	0.00043	3.3968	0.33526	0.001647	0.012287	0.01188
621	0.23532	1.2351	0.000278	0.000425	3.4355	0.32236	0.001647	0.01188	0.01078
622	0.22657	1.2056	0.00028022	0.000433	3.4741	0.30947	0.001647	0.011528	0.009845
623	0.21875	1.1785	0.00028147	0.00044	3.5073	0.29749	0.001647	0.011176	0.008987
624	0.21092	1.1513	0.00028208	0.000438	3.5405	0.28552	0.001647	0.010868	0.008294
625	0.20355	1.1283	0.0002834	0.000432	3.569	0.27447	0.001647	0.010582	0.007722
626	0.19618	1.1052	0.00028629	0.000426	3.5976	0.26342	0.001647	0.010318	0.007227
627	0.18927	1.085	0.00028938	0.000424	3.6155	0.25328	0.001647	0.010065	0.006765
628	0.18236	1.0647	0.00029084	0.000426	3.6335	0.24315	0.001647	0.009856	0.006413
629	0.17638	1.0468	0.00029086	0.000428	3.6445	0.23394	0.001647	0.009647	0.006094
630	0.17039	1.0288	0.0002916	0.000428	3.6556	0.22473	0.001647	0.00946	0.00583
631	0.1644	1.0122	0.00029456	0.000429	3.6487	0.21644	0.001647	0.009273	0.005588
632	0.15842	0.99564	0.00029818	0.000437	3.6418	0.20815	0.001647	0.009119	0.00539
633	0.15381	0.98136	0.00030021	0.000444	3.6183	0.20032	0.001647	0.008954	0.005181
634	0.14921	0.96709	0.00030054	0.00044	3.5948	0.1925	0.001647	0.008822	0.005027
635	0.14506	0.95465	0.0003012	0.000431	3.551	0.18605	0.001647	0.00869	0.004873
636	0.14092	0.94222	0.00030363	0.00042	3.5073	0.1796	0.001647	0.00858	0.004741
637	0.13723	0.93117	0.0003066	0.000422	3.4387	0.17361	0.001647	0.008459	0.00462
638	0.13355	0.92011	0.00030832	0.000433	3.3701	0.16763	0.001647	0.008371	0.004521
639	0.13033	0.90998	0.00030899	0.000446	3.2775	0.1621	0.001647	0.008272	0.004422
640	0.1271	0.89985	0.0003108	0.000452	3.1849	0.15658	0.001647	0.008195	0.004323
641	0.12434	0.8911	0.00031519	0.00045	3.0767	0.15151	0.001647	0.008118	0.004235
642	0.12158	0.88235	0.00032018	0.000449	2.9685	0.14644	0.001647	0.008041	0.004169
643	0.11973	0.87498	0.00032302	0.000453	2.8428	0.1423	0.001647	0.007975	0.004092
644	0.11789	0.86761	0.00032372	0.00046	2.7171	0.13816	0.001647	0.00792	0.004026
645	0.11605	0.86071	0.000325	0.000465	2.584	0.13447	0.001647	0.007865	0.003971
646	0.11421	0.8538	0.00032877	0.000464	2.4509	0.13079	0.001647	0.00781	0.003905
647	0.11237	0.84735	0.00033329	0.000464	2.3113	0.1271	0.001647	0.007744	0.003839
648	0.11052	0.8409	0.00033602	0.000464	2.1718	0.12342	0.001647	0.0077	0.003773
649	0.10914	0.83584	0.00033724	0.000465	2.0373	0.12066	0.001647	0.007645	0.003718
650	0.10776	0.83077	0.00034	0.000471	1.9029	0.11789	0.001647	0.007601	0.003685
651	0.10684	0.82525	0.00034645	0.000472	1.7758	0.11467	0.0016453	0.007535	0.003641
652	0.10592	0.81972	0.00035443	0.000467	1.6487	0.11145	0.0016437	0.007491	0.003597
653	0.105	0.81512	0.00036088	0.000464	1.5358	0.10868	0.001642	0.007436	0.003564
654	0.10408	0.81051	0.00036553	0.000457	1.423	0.10592	0.0016404	0.007392	0.003531
655	0.1027	0.8059	0.000371	0.000448	1.3291	0.10362	0.0016387	0.007337	0.003498
656	0.10131	0.8013	0.00037915	0.000438	1.2351	0.10131	0.001614	0.007271	0.003454
657	0.099932	0.79393	0.00038855	0.000428	1.1209	0.098551	0.0015892	0.007205	0.003421
658	0.098551	0.78656	0.00039697	0.000424	1.0067	0.095788	0.0015645	0.007139	0.003388
659	0.099011	0.78104	0.0004038	0.000422	0.94268	0.093485	0.0015397	0.007073	0.003355
660	0.099472	0.77551	0.00041	0.000418	0.87867	0.091182	0.001515	0.006985	0.003322
661	0.099011	0.76952	0.00041625	0.000414	0.81742	0.08888	0.001515	0.006908	0.003289
662	0.098551	0.76354	0.00042182	0.000413	0.75617	0.086577	0.001515	0.00682	0.003256
663	0.09763	0.75617	0.00042564	0.000414	0.70321	0.084735	0.001515	0.006721	0.003223
664	0.096709	0.7488	0.00042769	0.000419	0.65025	0.082893	0.001515	0.006622	0.00319
665	0.096248	0.74051	0.000429	0.000428	0.6065	0.08059	0.001515	0.006512	0.003157
666	0.095788	0.73222	0.00043063	0.000439	0.56275	0.078288	0.001515	0.006402	0.003135
667	0.095327	0.72347	0.0004673	0.000447	0.52683	0.076446	0.001515	0.006281	0.003102
668	0.094867	0.71472	0.00046582	0.000452	0.49091	0.074604	0.001515	0.00616	0.00308
669	0.094867	0.70505	0.00047089	0.000453	0.46144	0.073222	0.001515	0.006039	0.003058
670	0.094867	0.69538	0.00047439	0.00045	0.43196	0.071841	0.001515	0.005907	0.003025
671	0.094406	0.68525	0.00047544	0.000452	0.40848	0.069999	0.0014886	0.005797	0.003003
672	0.093945	0.67512	0.00047685	0.000457	0.38499	0.068157	0.0014622	0.005676	0.002981
673	0.093945	0.66499	0.00047824	0.000462	0.36611	0.066775	0.0014358	0.005544	0.002959
674	0.093945	0.65486	0.00048171	0.000463	0.34723	0.065393	0.0014094	0.005445	0.002937
675	0.093485	0.64472	0.00048606	0.000457	0.33203	0.064012	0.001383	0.005346	0.002926
676	0.093024	0.63459	0.0004868	0.000446	0.31684	0.06263	0.001383	0.005225	0.002904
677	0.093024	0.62446	0.00049044	0.000433	0.30486	0.061249	0.001383	0.005115	0.002882
678	0.093024	0.61433	0.00049074	0.000422	0.29289	0.059867	0.001383	0.005027	0.002871
679	0.092564	0.6042	0.00049619	0.000413	0.28276	0.058946	0.001383	0.004928	0.002849
680	0.092103	0.59407	0.00049967	0.000406	0.27263	0.058025	0.001383	0.004818	0.002827
681	0.092103	0.5844	0.00050326	0.000398	0.26526	0.056644	0.001383	0.00473	0.002816
682	0.092103	0.57473	0.00050288	0.000387	0.25789	0.055262	0.001383	0.004653	0.002805
683	0.092103	0.56505	0.00050713	0.000375	0.25144	0.054341	0.001383	0.004576	0.002794
684	0.092103	0.55538	0.00051258	0.00037	0.245	0.05342	0.001383	0.004499	0.002783
685	0.092103	0.54617	0.00051778	0.000369	0.23993	0.052499	0.001383	0.004422	0.002761
686	0.092103	0.53696	0.0005207	0.000366	0.23486	0.051578	0.001383	0.004345	0.00275
687	0.092103	0.52775	0.00052644	0.000361	0.23072	0.050657	0.001383	0.004279	0.002739
688	0.092103	0.51854	0.00053282	0.000354	0.22657	0.049736	0.001383	0.004213	0.002728
689	0.092103	0.51025	0.000538	0.000348	0.22335	0.049275	0.001383	0.004158	0.002717
690	0.092103	0.50196	0.0005461	0.000342	0.22013	0.048815	0.001383	0.004103	0.002706
691	0.092103	0.49413	0.00055743	0.000338	0.21782	0.047894	0.001383	0.004048	0.002695
692	0.092103	0.48631	0.00056716	0.000335	0.21552	0.046973	0.001383	0.004004	0.002695
693	0.092103	0.47894	0.00057532	0.000331	0.21368	0.046512	0.001383	0.003949	0.002684
694	0.092103	0.47157	0.0005864	0.000328	0.21184	0.046052	0.001383	0.003905	0.002684
695	0.092103	0.46512	0.00059791	0.000324	0.21	0.045131	0.001383	0.003861	0.002673
696	0.092103	0.45867	0.0006087	0.000321	0.20815	0.04421	0.001383	0.003828	0.002662
697	0.092564	0.45269	0.00062027	0.000324	0.20677	0.043749	0.001383	0.003784	0.002651
698	0.093024	0.4467	0.00063429	0.000327	0.20539	0.043289	0.001383	0.00374	0.00264
699	0.093485	0.44071	0.00064825	0.000325	0.20447	0.042828	0.001383	0.003718	0.002629
700	0.093945	0.43473	0.00066289	0.000323	0.20355	0.042368	0.001383	0.003685	0.002629
701	0.094406	0.42966	0.00067801	0.00032	0.20263	0.041907	0.001383	0.003663	0.002618
702	0.094867	0.4246	0.00069457	0.000319	0.20171	0.041447	0.001383	0.003641	0.002618
703	0.095327	0.41953	0.00071113	0.000322	0.20125	0.041447	0.001383	0.00363	0.002618
704	0.095788	0.41447	0.00073132	0.000326	0.20079	0.041447	0.001383	0.003608	0.002607
705	0.096248	0.40986	0.00074854	0.000323	0.20032	0.040986	0.001383	0.003586	0.002596
706	0.096709	0.40525	0.00076808	0.000318	0.19986	0.040525	0.001383	0.003575	0.002585
707	0.097169	0.40065	0.00078846	0.000313	0.19986	0.040065	0.001383	0.003553	0.002585
708	0.09763	0.39604	0.00080972	0.00031	0.19986	0.039604	0.001383	0.003553	0.002574
709	0.09809	0.39144	0.00083486	0.000311	0.19986	0.039144	0.001383	0.003542	0.002563
710	0.098551	0.38683	0.00085962	0.000315	0.19986	0.038683	0.001383	0.003531	0.002552
711	0.099472	0.38269	0.00089128	0.00032	0.19986	0.038683	0.001383	0.00352	0.002541
712	0.10039	0.37854	0.00092025	0.000321	0.19986	0.038683	0.001383	0.00352	0.00253
713	0.10085	0.3744	0.00095686	0.00032	0.19986	0.038223	0.001383	0.003509	0.002519
714	0.10131	0.37026	0.00099502	0.000321	0.19986	0.037762	0.001383	0.003509	0.002508
715	0.10223	0.36611	0.0010353	0.000326	0.19986	0.037762	0.001383	0.003509	0.002486
716	0.10316	0.36197	0.0010813	0.000334	0.19986	0.037762	0.0013568	0.003498	0.002475
717	0.10362	0.35782	0.0011235	0.000343	0.20032	0.037302	0.0013306	0.003498	0.002464
718	0.10408	0.35368	0.0011688	0.000351	0.20079	0.036841	0.0013044	0.003498	0.002453
719	0.105	0.34953	0.0012213	0.000358	0.20125	0.036841	0.0012782	0.003498	0.002431
720	0.10592	0.34539	0.0012713	0.000367	0.20171	0.036841	0.001252	0.003498	0.00242
721	0.10684	0.3417	0.0013221	0.000376	0.20217	0.036381	0.0012405	0.003509	0.002409
722	0.10776	0.33802	0.0013786	0.000383	0.20263	0.03592	0.0012289	0.00352	0.002398
723	0.10822	0.3348	0.0014345	0.00039	0.20355	0.03592	0.0012174	0.00352	0.002387
724	0.10868	0.33157	0.0014905	0.000401	0.20447	0.03592	0.0012058	0.003531	0.002376
725	0.1096	0.32835	0.00155	0.000415	0.20493	0.03592	0.0011943	0.003531	0.002354
726	0.11052	0.32513	0.0016128	0.00043	0.20539	0.03592	0.0011794	0.003542	0.002354
727	0.11145	0.32282	0.0016915	0.000447	0.20631	0.03546	0.0011646	0.003542	0.002332
728	0.11237	0.32052	0.0017759	0.000463	0.20723	0.034999	0.0011497	0.003553	0.002321
729	0.11329	0.31868	0.0018548	0.00048	0.20815	0.034999	0.0011349	0.003553	0.00231
730	0.11421	0.31684	0.0019744	0.000499	0.20907	0.034999	0.00112	0.003564	0.002299
731	0.11513	0.31545	0.0020801	0.000516	0.21	0.034999	0.00112	0.003564	0.002288
732	0.11605	0.31407	0.0021861	0.000535	0.21092	0.034999	0.00112	0.003575	0.002277
733	0.11697	0.31361	0.0023016	0.000552	0.21184	0.034539	0.00112	0.003586	0.002266
734	0.11789	0.31315	0.0024266	0.000564	0.21276	0.034078	0.00112	0.003597	0.002255
735	0.11881	0.31361	0.0025091	0.000576	0.21414	0.034078	0.00112	0.003597	0.002244
736	0.11973	0.31407	0.002582	0.000589	0.21552	0.034078	0.00112	0.003608	0.002233
737	0.12019	0.31499	0.0026468	0.0006	0.2169	0.034078	0.00112	0.003619	0.002233
738	0.12066	0.31591	0.0027062	0.000616	0.21829	0.034078	0.00112	0.00363	0.002211
739	0.12158	0.31776	0.0027537	0.000636	0.21921	0.033618	0.00112	0.003641	0.0022
740	0.1225	0.3196	0.0027809	0.000654	0.22013	0.033157	0.00112	0.003652	0.002189
741	0.12388	0.32236	0.0028043	0.00068	0.22197	0.033157	0.00112	0.003663	0.002189
742	0.12526	0.32513	0.0028139	0.000707	0.22381	0.033157	0.00112	0.003674	0.002178
743	0.12572	0.32835	0.0028264	0.000735	0.22519	0.033157	0.00112	0.003685	0.002167
744	0.12618	0.33157	0.0028376	0.000768	0.22657	0.033157	0.00112	0.003696	0.002156
745	0.12756	0.33572	0.0028327	0.000801	0.22842	0.032697	0.00112	0.003707	0.002156
746	0.12894	0.33986	0.0028431	0.000837	0.23026	0.032236	0.00112	0.003718	0.002145
747	0.12987	0.34493	0.0028424	0.000874	0.23164	0.032236	0.00112	0.003729	0.002134
748	0.13079	0.34999	0.0028485	0.000908	0.23302	0.032236	0.00112	0.00374	0.002123
749	0.13171	0.35506	0.0028526	0.000941	0.23486	0.032236	0.00112	0.003751	0.002123
750	0.13263	0.36012	0.0028533	0.000972	0.23671	0.032236	0.00112	0.003762	0.002112
751	0.13355	0.36519	0.002862	0.001	0.23855	0.032236	0.00112	0.003784	0.002112
752	0.13447	0.37026	0.0028585	0.00103	0.24039	0.032236	0.00112	0.003795	0.002101
753	0.13539	0.37532	0.0028704	0.00106	0.24269	0.031776	0.00112	0.003806	0.002101
754	0.13631	0.38039	0.0028662	0.00109	0.245	0.031315	0.00112	0.003817	0.00209
755	0.13769	0.38407	0.0028756	0.00112	0.24684	0.031315	0.00112	0.003828	0.002079
756	0.13908	0.38776	0.0028769	0.00116	0.24868	0.031315	0.00112	0.003839	0.002079
757	0.14	0.39052	0.0028712	0.00119	0.25098	0.031315	0.00112	0.00385	0.002068
758	0.14092	0.39328	0.0028685	0.00123	0.25328	0.031315	0.00112	0.003861	0.002057
759	0.1423	0.39374	0.0028633	0.00126	0.25559	0.030855	0.00112	0.003872	0.002057
760	0.14368	0.3942	0.0028616	0.00128	0.25789	0.030394	0.00112	0.003894	0.002057
761	0.1446	0.39236	0.0028733	0.00129	0.26019	0.030394	0.0010936	0.003905	0.002046
762	0.14552	0.39052	0.0028701	0.00129	0.26249	0.030394	0.0010672	0.003916	0.002046
763	0.14644	0.38683	0.0028655	0.00127	0.2648	0.030394	0.0010408	0.003938	0.002035
764	0.14737	0.38315	0.0028617	0.00125	0.2671	0.030394	0.0010144	0.003949	0.002035
765	0.14875	0.37762	0.0028596	0.00121	0.2694	0.030394	0.000988	0.00396	0.002035
766	0.15013	0.3721	0.0028509	0.00115	0.27171	0.030394	0.000988	0.003971	0.002024
767	0.15105	0.36519	0.0028337	0.00109	0.27447	0.029934	0.000988	0.003982	0.002024
768	0.15197	0.35828	0.0028307	0.00102	0.27723	0.029473	0.000988	0.003993	0.002024
769	0.15335	0.35045	0.0028269	0.000948	0.27999	0.029473	0.000988	0.004004	0.002013
770	0.15473	0.34262	0.0028245	0.000871	0.28276	0.029473	0.000988	0.004026	0.002013
771	0.15565	0.3348	0.0028133	0.000793	0.28552	0.029473	0.0009616	0.004037	0.002013
772	0.15658	0.32697	0.0027927	0.000719	0.28828	0.029473	0.0009352	0.004048	0.002002
773	0.15796	0.31914	0.0027796	0.000653	0.29105	0.029473	0.0009088	0.004059	0.002002
774	0.15934	0.31131	0.0027763	0.000596	0.29381	0.029473	0.0008824	0.00407	0.002002
775	0.16026	0.30394	0.0027585	0.000553	0.29657	0.029013	0.000856	0.004081	0.001991
776	0.16118	0.29657	0.002753	0.000515	0.29934	0.028552	0.000856	0.004092	0.001991
777	0.16256	0.28967	0.0027432	0.000481	0.3021	0.028552	0.000856	0.004103	0.001991
778	0.16394	0.28276	0.0027236	0.000451	0.30486	0.028552	0.000856	0.004114	0.00198
779	0.16487	0.27677	0.0027079	0.000426	0.30809	0.028552	0.000856	0.004125	0.00198
780	0.16579	0.27078	0.0026905	0.000409	0.31131	0.028552	0.000856	0.004136	0.001969
781	0.16717	0.26526	0.0026617	0.000391	0.31407	0.028552	0.000856	0.004136	0.001969
782	0.16855	0.25973	0.002641	0.000378	0.31684	0.028552	0.000856	0.004147	0.001969
783	0.16993	0.25513	0.0026255	0.000366	0.32006	0.028092	0.000856	0.004158	0.001958
784	0.17131	0.25052	0.002609	0.00036	0.32328	0.027631	0.000856	0.004169	0.001958
785	0.17223	0.24638	0.0025915	0.000357	0.32605	0.027631	0.000856	0.00418	0.001947
786	0.17315	0.24223	0.0025639	0.000355	0.32881	0.027631	0.000856	0.004191	0.001936
787	0.17454	0.23855	0.0025317	0.000353	0.33203	0.027631	0.000856	0.004191	0.001936
788	0.17592	0.23486	0.0025118	0.000349	0.33526	0.027631	0.000856	0.004202	0.001925
789	0.17684	0.2321	0.0024914	0.000346	0.33848	0.027631	0.000856	0.004213	0.001925
790	0.17776	0.22934	0.0024637	0.000346	0.3417	0.027631	0.000856	0.004224	0.001914
791	0.17914	0.22657	0.0024481	0.000347	0.34493	0.027631	0.000856	0.004224	0.001914
792	0.18052	0.22381	0.0024229	0.000347	0.34815	0.027631	0.000856	0.004235	0.001903
793	0.18144	0.22151	0.0023925	0.000347	0.35137	0.027171	0.000856	0.004246	0.001903
794	0.18236	0.21921	0.0023691	0.000352	0.3546	0.02671	0.000856	0.004246	0.001892
795	0.18375	0.21736	0.002354	0.000359	0.35782	0.02671	0.000856	0.004257	0.001881
796	0.18513	0.21552	0.0023388	0.000369	0.36105	0.02671	0.000856	0.004257	0.001881
797	0.18605	0.21368	0.0023239	0.000379	0.36427	0.02671	0.000856	0.004268	0.00187
798	0.18697	0.21184	0.0023022	0.000387	0.36749	0.02671	0.000856	0.004268	0.001859
799	0.18835	0.20769	0.0022716	0.000393	0.37072	0.02671	0.000856	0.004279	0.001859
800	0.18973	0.20355	0.0022462	0.000403	0.37394	0.02671	0.000856	0.004279	0.001859
801	0.19065	0.20244	0.0022433	0.000413	0.37707	0.02671	0.000856	0.00429	0.001848
802	0.19158	0.20134	0.0022343	0.000424	0.3802	0.02671	0.000856	0.00429	0.001837
803	0.1925	0.20023	0.0022161	0.000434	0.38333	0.02671	0.000856	0.00429	0.001837
804	0.19342	0.19913	0.0022033	0.000442	0.38647	0.02671	0.000856	0.004301	0.001837
805	0.19434	0.19802	0.0022003	0.000454	0.3896	0.02671	0.000856	0.004301	0.001826
806	0.1955	0.19757	0.0022007	0.000467	0.39254	0.026631	0.000856	0.004312	0.001826
807	0.19665	0.19713	0.0021885	0.000482	0.39549	0.026552	0.000856	0.004312	0.001815
808	0.19781	0.19668	0.0021782	0.000497	0.39844	0.026473	0.000856	0.004312	0.001815
809	0.19897	0.19623	0.0021892	0.000511	0.40139	0.026394	0.000856	0.004323	0.001804
810	0.20013	0.19579	0.0021875	0.000527	0.40433	0.026315	0.000856	0.004323	0.001804
811	0.20129	0.19534	0.00219	0.000547	0.40728	0.026236	0.000856	0.004323	0.001804
812	0.20244	0.19489	0.0022017	0.000567	0.41023	0.026157	0.000856	0.004334	0.001804
813	0.2036	0.19444	0.0022103	0.000583	0.41318	0.026078	0.000856	0.004334	0.001793
814	0.20476	0.194	0.0022185	0.000594	0.41612	0.025999	0.000856	0.004334	0.001793
815	0.20592	0.19355	0.0022345	0.000603	0.41907	0.025921	0.000856	0.004334	0.001793
816	0.20707	0.1931	0.0022555	0.000615	0.42202	0.025842	0.000856	0.004334	0.001782
817	0.20823	0.19265	0.0022764	0.000633	0.42497	0.025763	0.000856	0.004334	0.001782
818	0.20939	0.19221	0.0022981	0.000654	0.42791	0.025684	0.000856	0.004334	0.001782
819	0.21055	0.19176	0.002314	0.000674	0.43086	0.025605	0.000856	0.004334	0.001771
820	0.21171	0.19131	0.0023415	0.000691	0.43381	0.025526	0.000856	0.004334	0.001771
821	0.21286	0.19086	0.0023878	0.000708	0.43675	0.025447	0.00083799	0.004334	0.00176
822	0.21402	0.19042	0.0024276	0.000724	0.4397	0.025368	0.00081997	0.004334	0.00176
823	0.21518	0.18997	0.0024759	0.00074	0.44265	0.025289	0.00080196	0.004334	0.00176
824	0.21634	0.18952	0.0025356	0.000758	0.4456	0.02521	0.00078395	0.004334	0.00176
825	0.2175	0.18908	0.00261	0.000775	0.44854	0.025131	0.00076594	0.004334	0.001749
826	0.21865	0.18863	0.0027213	0.000786	0.45149	0.025052	0.00075775	0.004334	0.001749
827	0.21981	0.18818	0.0028297	0.000796	0.45444	0.024973	0.00074956	0.004334	0.001749
828	0.22097	0.18773	0.0029392	0.000799	0.45739	0.024894	0.00074137	0.004334	0.001749
829	0.22213	0.18729	0.0030779	0.000802	0.46033	0.024815	0.00073319	0.004323	0.001749
830	0.22328	0.18684	0.0032184	0.000803	0.46328	0.024736	0.000725	0.004323	0.001749
831	0.22444	0.18639	0.0033496	0.000803	0.46623	0.024657	0.000725	0.004323	0.001738
832	0.2256	0.18594	0.0034708	0.000801	0.46917	0.024578	0.000725	0.004323	0.001738
833	0.22676	0.1855	0.003577	0.000794	0.47212	0.0245	0.000725	0.004312	0.001738
834	0.22792	0.18505	0.0036579	0.000785	0.47507	0.024421	0.000725	0.004312	0.001738
835	0.22907	0.1846	0.0037223	0.000775	0.47802	0.024342	0.000725	0.004312	0.001738
836	0.23023	0.18415	0.0037819	0.000764	0.48096	0.024263	0.000725	0.004312	0.001738
837	0.23139	0.18371	0.0038334	0.000757	0.48391	0.024184	0.000725	0.004312	0.001738
838	0.23255	0.18326	0.0038774	0.000751	0.48686	0.024105	0.000725	0.004301	0.001738
839	0.23371	0.18281	0.0039126	0.000739	0.48981	0.024026	0.000725	0.004301	0.001738
840	0.23486	0.18236	0.0039393	0.000726	0.49275	0.023947	0.000725	0.00429	0.001738
841	0.23578	0.18218	0.0039722	0.000715	0.49533	0.023947	0.000725	0.00429	0.001738
842	0.23671	0.182	0.004007	0.000703	0.49791	0.023947	0.000725	0.004279	0.001738
843	0.23763	0.18181	0.0040337	0.000692	0.50049	0.023947	0.000725	0.004279	0.001727
844	0.23855	0.18163	0.0040599	0.000685	0.50307	0.023947	0.000725	0.004279	0.001727
845	0.23947	0.18144	0.0040882	0.000678	0.50565	0.023947	0.000725	0.004268	0.001727
846	0.24034	0.18171	0.0041145	0.000669	0.50778	0.023868	0.000725	0.004257	0.001727
847	0.24121	0.18197	0.0041363	0.000661	0.50991	0.023789	0.000725	0.004257	0.001727
848	0.24207	0.18223	0.0041728	0.000651	0.51204	0.02371	0.000725	0.004246	0.001727
849	0.24294	0.1825	0.0042054	0.000643	0.51417	0.023631	0.000725	0.004246	0.001727
850	0.24381	0.18276	0.0041998	0.000637	0.51631	0.023552	0.000725	0.004235	0.001727
851	0.24468	0.18302	0.0042003	0.000633	0.51844	0.023473	0.000725	0.004235	0.001727
852	0.24555	0.18329	0.0042262	0.000632	0.52057	0.023394	0.000725	0.004224	0.001727
853	0.24642	0.18355	0.0042647	0.000631	0.5227	0.023315	0.000725	0.004213	0.001727
854	0.24728	0.18381	0.0042907	0.000633	0.52483	0.023236	0.000725	0.004213	0.001727
855	0.24815	0.18408	0.0043179	0.000639	0.52696	0.023157	0.000725	0.004202	0.001727
856	0.24902	0.18434	0.0043537	0.000647	0.52909	0.023078	0.000725	0.004191	0.001727
857	0.24989	0.1846	0.0043715	0.000656	0.53123	0.023	0.000725	0.00418	0.001727
858	0.25076	0.18486	0.0043925	0.000662	0.53336	0.022921	0.000725	0.00418	0.001727
859	0.25163	0.18513	0.0044287	0.000666	0.53549	0.022842	0.000725	0.004169	0.001727
860	0.25249	0.18539	0.0044557	0.000674	0.53762	0.022763	0.000725	0.004158	0.001716
861	0.25336	0.18565	0.0044766	0.00068	0.53975	0.022684	0.000725	0.004147	0.001716
862	0.25423	0.18592	0.0045012	0.00069	0.54188	0.022605	0.000725	0.004136	0.001716
863	0.2551	0.18618	0.0045335	0.000705	0.54402	0.022526	0.000725	0.004125	0.001716
864	0.25597	0.18644	0.0045682	0.000724	0.54615	0.022447	0.000725	0.004114	0.001705
865	0.25684	0.18671	0.0046014	0.000751	0.54828	0.022368	0.000725	0.004114	0.001716
866	0.25771	0.18697	0.0046345	0.000786	0.55041	0.022289	0.000725	0.004103	0.001716
867	0.25857	0.18723	0.0046685	0.000822	0.55254	0.02221	0.000725	0.004092	0.001716
868	0.25944	0.1875	0.0047015	0.00086	0.55467	0.022131	0.000725	0.004081	0.001716
869	0.26031	0.18776	0.0047317	0.000899	0.5568	0.022052	0.000725	0.00407	0.001716
870	0.26118	0.18802	0.0047735	0.000938	0.55894	0.021973	0.000725	0.004059	0.001716
871	0.26205	0.18829	0.0048275	0.000979	0.56107	0.021894	0.000725	0.004048	0.001716
872	0.26292	0.18855	0.0048731	0.00102	0.5632	0.021815	0.000725	0.004037	0.001705
873	0.26378	0.18881	0.0049115	0.00107	0.56533	0.021736	0.000725	0.004026	0.001716
874	0.26465	0.18908	0.0049547	0.00113	0.56746	0.021657	0.000725	0.004015	0.001716
875	0.26552	0.18934	0.0050124	0.0012	0.56959	0.021579	0.000725	0.004004	0.001716
876	0.26639	0.1896	0.0050647	0.00126	0.57173	0.0215	0.000725	0.003993	0.001716
877	0.26726	0.18986	0.0051048	0.00135	0.57386	0.021421	0.000725	0.003982	0.001716
878	0.26813	0.19013	0.005161	0.00143	0.57599	0.021342	0.000725	0.003971	0.001716
879	0.26899	0.19039	0.0052233	0.00153	0.57812	0.021263	0.000725	0.00396	0.001716
880	0.26986	0.19065	0.0052787	0.00164	0.58025	0.021184	0.000725	0.003949	0.001716
881	0.27032	0.191	0.0053396	0.00175	0.5824	0.021145	0.000725	0.003938	0.001716
882	0.27078	0.19134	0.0053969	0.00187	0.58455	0.021107	0.000725	0.003927	0.001716
883	0.27124	0.19169	0.0054423	0.00199	0.5867	0.021069	0.000725	0.003916	0.001716
884	0.27171	0.19204	0.0054988	0.00212	0.58885	0.02103	0.000725	0.003905	0.001716
885	0.27217	0.19238	0.0055661	0.00226	0.591	0.020992	0.000725	0.003894	0.001716
886	0.27263	0.19273	0.0056274	0.00241	0.59315	0.020954	0.00074465	0.003883	0.001716
887	0.27309	0.19307	0.0056839	0.00258	0.59529	0.020915	0.0007643	0.003861	0.001716
888	0.27355	0.19342	0.0057393	0.00275	0.59744	0.020877	0.00078395	0.00385	0.001716
889	0.27401	0.19376	0.0057946	0.00293	0.59959	0.020838	0.0008036	0.003839	0.001716
890	0.27447	0.19411	0.0058499	0.00312	0.60174	0.0208	0.00082325	0.003828	0.001716
891	0.27493	0.19445	0.005905	0.00331	0.60389	0.020762	0.0008298	0.003817	0.001727
892	0.27539	0.1948	0.00596	0.00349	0.60604	0.020723	0.00083635	0.003806	0.001727
893	0.27585	0.19514	0.0060149	0.00367	0.60819	0.020685	0.0008429	0.003784	0.001727
894	0.27631	0.19549	0.0060697	0.00383	0.61034	0.020647	0.00084945	0.003773	0.001727
895	0.27677	0.19583	0.0061243	0.00398	0.61249	0.020608	0.000856	0.003762	0.001727
896	0.27723	0.19618	0.0061788	0.00412	0.61464	0.02057	0.000856	0.003751	0.001727
897	0.27769	0.19653	0.0062336	0.00426	0.61679	0.020531	0.000856	0.00374	0.001727
898	0.27815	0.19687	0.0062871	0.00438	0.61893	0.020493	0.000856	0.003729	0.001727
899	0.27861	0.19722	0.0063408	0.00451	0.62108	0.020455	0.000856	0.003707	0.001727
900	0.27907	0.19756	0.0064009	0.00463	0.62323	0.020416	0.000856	0.003696	0.001727
901	0.27953	0.19791	0.0064645	0.00477	0.62538	0.020378	0.000856	0.003685	0.001727
902	0.27999	0.19825	0.0065264	0.00492	0.62753	0.02034	0.000856	0.003674	0.001727
903	0.28045	0.1986	0.0065915	0.00508	0.62968	0.020301	0.000856	0.003652	0.001727
904	0.28092	0.19894	0.0066583	0.00527	0.63183	0.020263	0.000856	0.003641	0.001727
905	0.28109	0.19866	0.006719	0.00547	0.63384	0.020205	0.000856	0.00363	0.001727
906	0.28126	0.19837	0.0067845	0.00572	0.63586	0.020148	0.000856	0.003608	0.001727
907	0.28143	0.19808	0.0068639	0.00599	0.63787	0.02009	0.000856	0.003597	0.001727
908	0.28161	0.19779	0.0069446	0.00632	0.63989	0.020032	0.000856	0.003586	0.001727
909	0.28178	0.1975	0.007027	0.00666	0.6419	0.019975	0.000856	0.003564	0.001727
910	0.28195	0.19722	0.007121	0.00705	0.64392	0.019917	0.000856	0.003553	0.001727
911	0.28212	0.19693	0.0072174	0.00744	0.64593	0.01986	0.0008824	0.003542	0.001727
912	0.2823	0.19664	0.007313	0.00784	0.64795	0.019802	0.0009088	0.00352	0.001727
913	0.28247	0.19635	0.0074236	0.00823	0.64996	0.019745	0.0009352	0.003509	0.001727
914	0.28264	0.19607	0.0075483	0.00862	0.65198	0.019687	0.0009616	0.003487	0.001727
915	0.28282	0.19578	0.0076772	0.00899	0.65399	0.01963	0.000988	0.003476	0.001727
916	0.28299	0.19549	0.0078267	0.00935	0.65601	0.019572	0.0010144	0.003465	0.001727
917	0.28316	0.1952	0.0080066	0.00968	0.65802	0.019514	0.0010408	0.003443	0.001716
918	0.28333	0.19491	0.0081935	0.01	0.66004	0.019457	0.0010672	0.003421	0.001716
919	0.28351	0.19463	0.0083879	0.0103	0.66205	0.019399	0.0010936	0.003399	0.001705
920	0.28368	0.19434	0.0086085	0.0107	0.66407	0.019342	0.00112	0.003377	0.001705
921	0.28363	0.19309	0.0088527	0.011	0.66572	0.01925	0.00112	0.003366	0.001705
922	0.28359	0.19185	0.009118	0.0113	0.66738	0.019158	0.00112	0.003344	0.001705
923	0.28354	0.19061	0.0094181	0.0117	0.66904	0.019065	0.00112	0.003333	0.001705
924	0.28349	0.18936	0.0097492	0.012	0.6707	0.018973	0.00112	0.003311	0.001705
925	0.28345	0.18812	0.010092	0.0123	0.67235	0.018881	0.00112	0.0033	0.001705
926	0.2834	0.18688	0.010462	0.0126	0.67401	0.018789	0.00112	0.003278	0.001705
927	0.28336	0.18563	0.010877	0.0128	0.67567	0.018697	0.00112	0.003267	0.001694
928	0.28331	0.18439	0.011309	0.013	0.67733	0.018605	0.00112	0.003245	0.001694
929	0.28326	0.18315	0.011753	0.0131	0.67899	0.018513	0.00112	0.003234	0.001694
930	0.28322	0.1819	0.012232	0.0131	0.68064	0.018421	0.00112	0.003212	0.001694
931	0.28317	0.18066	0.012754	0.013	0.6823	0.018329	0.0011464	0.00319	0.001694
932	0.28313	0.17942	0.013304	0.0128	0.68396	0.018236	0.0011728	0.003168	0.001683
933	0.28308	0.17817	0.013847	0.0125	0.68562	0.018144	0.0011992	0.003157	0.001683
934	0.28303	0.17693	0.014359	0.0122	0.68728	0.018052	0.0012256	0.003135	0.001683
935	0.28299	0.17569	0.014853	0.0118	0.68893	0.01796	0.001252	0.003124	0.001683
936	0.28294	0.17444	0.015386	0.0113	0.69059	0.017868	0.0012782	0.003102	0.001672
937	0.2829	0.1732	0.016046	0.0107	0.69225	0.017776	0.0013044	0.00308	0.001661
938	0.28285	0.17196	0.016802	0.0101	0.69391	0.017684	0.0013306	0.003069	0.001672
939	0.2828	0.17071	0.017565	0.00943	0.69556	0.017592	0.0013568	0.003047	0.001672
940	0.28276	0.16947	0.018344	0.00875	0.69722	0.0175	0.001383	0.003036	0.001683
941	0.28234	0.16735	0.019147	0.00809	0.69828	0.017361	0.0014144	0.003014	0.001683
942	0.28193	0.16523	0.019921	0.00745	0.69934	0.017223	0.0014457	0.003003	0.001672
943	0.28151	0.16312	0.020699	0.00682	0.7004	0.017085	0.0014771	0.002981	0.001683
944	0.2811	0.161	0.021627	0.00625	0.70146	0.016947	0.0015084	0.002959	0.001683
945	0.28069	0.15888	0.022664	0.0057	0.70252	0.016809	0.0015398	0.002948	0.001683
946	0.28027	0.15676	0.023652	0.00523	0.70358	0.016671	0.0015612	0.002937	0.001694
947	0.27986	0.15464	0.024682	0.0048	0.70464	0.016533	0.0015827	0.002915	0.001694
948	0.27944	0.15252	0.025909	0.00445	0.7057	0.016394	0.0016041	0.002893	0.001683
949	0.27903	0.1504	0.027309	0.00411	0.70676	0.016256	0.0016256	0.002871	0.001683
950	0.27861	0.14829	0.028814	0.0038	0.70781	0.016118	0.001647	0.00286	0.001683
951	0.2782	0.14617	0.03037	0.00352	0.70887	0.01598	0.0017425	0.002838	0.001683
952	0.27778	0.14405	0.032011	0.00327	0.70993	0.015842	0.001838	0.002816	0.001661
953	0.27737	0.14193	0.033862	0.00305	0.71099	0.015704	0.0019335	0.002805	0.001672
954	0.27695	0.13981	0.035831	0.00285	0.71205	0.015565	0.002029	0.002783	0.001661
955	0.27654	0.13769	0.037675	0.00267	0.71311	0.015427	0.0021245	0.002761	0.00165
956	0.27613	0.13558	0.039303	0.0025	0.71417	0.015289	0.0021936	0.002739	0.001628
957	0.27571	0.13346	0.040712	0.00236	0.71523	0.015151	0.0022627	0.002728	0.001628
958	0.2753	0.13134	0.04197	0.00224	0.71629	0.015013	0.0023318	0.002706	0.001606
959	0.27488	0.12922	0.043131	0.00213	0.71735	0.014875	0.0024009	0.002684	0.001595
960	0.27447	0.1271	0.044155	0.00205	0.71841	0.014737	0.00247	0.002673	0.001584
961	0.27394	0.12535	0.045001	0.00198	0.71884	0.014714	0.0025688	0.002662	0.001595
962	0.27341	0.1236	0.045653	0.00192	0.71928	0.01469	0.0026676	0.00264	0.001584
963	0.27288	0.12185	0.04614	0.00186	0.71972	0.014667	0.0027664	0.002629	0.001573
964	0.27235	0.1201	0.046535	0.00181	0.72016	0.014644	0.0028652	0.002618	0.001573
965	0.27182	0.11835	0.046891	0.00175	0.72059	0.014621	0.002964	0.002618	0.001584
966	0.27129	0.1166	0.047237	0.00169	0.72103	0.014598	0.0031354	0.002607	0.001573
967	0.27076	0.11485	0.047534	0.00164	0.72147	0.014575	0.0033068	0.002596	0.001584
968	0.27023	0.1131	0.047722	0.00159	0.72191	0.014552	0.0034782	0.002585	0.001573
969	0.2697	0.11135	0.047853	0.00155	0.72234	0.014529	0.0036496	0.002585	0.001584
970	0.26917	0.1096	0.048001	0.00153	0.72278	0.014506	0.003821	0.002563	0.001573
971	0.26864	0.10785	0.048165	0.00151	0.72322	0.014483	0.0040794	0.002563	0.001573
972	0.26811	0.1061	0.048328	0.00149	0.72366	0.01446	0.0043379	0.002552	0.001573
973	0.26758	0.10435	0.048466	0.00146	0.72409	0.014437	0.0045963	0.002541	0.001562
974	0.26705	0.1026	0.048562	0.00143	0.72453	0.014414	0.0048548	0.002519	0.001562
975	0.26652	0.10085	0.048617	0.00141	0.72497	0.014391	0.0051132	0.002519	0.001562
976	0.26599	0.099103	0.048638	0.00141	0.72541	0.014368	0.0056123	0.002508	0.001562
977	0.26547	0.097353	0.048636	0.00141	0.72584	0.014345	0.0061114	0.002508	0.001573
978	0.26494	0.095603	0.048595	0.00142	0.72628	0.014322	0.0066105	0.002497	0.001562
979	0.26441	0.093853	0.048469	0.00142	0.72672	0.014299	0.0071095	0.002497	0.001562
980	0.26388	0.092103	0.048274	0.00142	0.72716	0.014276	0.0076086	0.002497	0.001551
981	0.26335	0.090353	0.048083	0.00141	0.72759	0.014253	0.0082922	0.002486	0.001551
982	0.26282	0.088603	0.047903	0.00141	0.72803	0.01423	0.0089757	0.002486	0.001551
983	0.26229	0.086854	0.047695	0.00142	0.72847	0.014207	0.0096593	0.002475	0.001551
984	0.26176	0.085104	0.047446	0.00144	0.72891	0.014184	0.010343	0.002475	0.001551
985	0.26123	0.083354	0.047162	0.00148	0.72934	0.014161	0.011026	0.002464	0.001551
986	0.2607	0.081604	0.046836	0.00152	0.72978	0.014138	0.012207	0.002464	0.001562
987	0.26017	0.079854	0.046458	0.00156	0.73022	0.014115	0.013388	0.002453	0.001551
988	0.25964	0.078104	0.046074	0.00161	0.73066	0.014092	0.014569	0.002453	0.001562
989	0.25911	0.076354	0.045729	0.00165	0.73109	0.014069	0.015749	0.002442	0.001562
990	0.25858	0.074604	0.045354	0.00172	0.73153	0.014046	0.01693	0.002442	0.001573
991	0.25805	0.072854	0.044871	0.00179	0.73197	0.014023	0.018022	0.002442	0.001573
992	0.25752	0.071104	0.044377	0.00189	0.73241	0.014	0.019114	0.002431	0.001562
993	0.25699	0.069354	0.043986	0.00199	0.73284	0.013977	0.020206	0.002431	0.001573
994	0.25646	0.067604	0.043616	0.00209	0.73328	0.013954	0.021298	0.00242	0.001573
995	0.25593	0.065854	0.043154	0.00218	0.73372	0.013931	0.02239	0.00242	0.001573
996	0.2554	0.064104	0.042645	0.00227	0.73416	0.013908	0.023264	0.00242	0.001573
997	0.25487	0.062354	0.042153	0.00237	0.73459	0.013885	0.024139	0.002409	0.001573
998	0.25434	0.060604	0.041678	0.00246	0.73503	0.013862	0.025013	0.002409	0.001584
999	0.25381	0.058854	0.041204	0.00256	0.73547	0.013839	0.025888	0.002409	0.001595
1000	0.25328	0.057104	0.040715	0.00265	0.73591	0.013816	0.026762	0.002409	0.001595
